                          "" "tBodyAcc-mean()-X" "tBodyAcc-mean()-Y" "tBodyAcc-mean()-Z" "tBodyAcc-std()-X" "tBodyAcc-std()-Y" "tBodyAcc-std()-Z"
""   ""                                                                                                                                          
"1"  "LAYING"                        0.221598244        -0.040513953        -0.113203554       -0.928056469       -0.836827406       -0.826061402
     "SITTING"                       0.261237565        -0.001308288        -0.104544182       -0.977229008       -0.922618642       -0.939586291
     "STANDING"                      0.278917629        -0.016137590        -0.110601818       -0.995759902       -0.973190056       -0.979775877
     "WALKING"                       0.277330759        -0.017383819        -0.111148104       -0.283740259        0.114461337       -0.260027902
     "WALKING_DOWNSTAIRS"            0.289188320        -0.009918505        -0.107566191        0.030035338       -0.031935943       -0.230434213
     "WALKING_UPSTAIRS"              0.255461690        -0.023953149        -0.097302002       -0.354708025       -0.002320265       -0.019479239
"2"  "LAYING"                        0.281373404        -0.018158740        -0.107245610       -0.974059465       -0.980277399       -0.984233297
     "SITTING"                       0.277087352        -0.015687994        -0.109218272       -0.986822280       -0.950704499       -0.959828172
     "STANDING"                      0.277911472        -0.018420827        -0.105908536       -0.987271889       -0.957304989       -0.949741851
     "WALKING"                       0.276426586        -0.018594920        -0.105500358       -0.423642838       -0.078091253       -0.425257525
     "WALKING_DOWNSTAIRS"            0.277615348        -0.022661416        -0.116812942        0.046366681        0.262881789       -0.102837908
     "WALKING_UPSTAIRS"              0.247164790        -0.021412113        -0.152513900       -0.304376406        0.108027280       -0.112121021
"3"  "LAYING"                        0.275516853        -0.018955679        -0.101300478       -0.982776639       -0.962057545       -0.963691035
     "SITTING"                       0.257197599        -0.003502998        -0.098357920       -0.971010121       -0.856617812       -0.875110175
     "STANDING"                      0.280046513        -0.014337656        -0.101621723       -0.966742543       -0.893449307       -0.911419015
     "WALKING"                       0.275567462        -0.017176784        -0.112674860       -0.360356726       -0.069914065       -0.387411994
     "WALKING_DOWNSTAIRS"            0.292423485        -0.019355408        -0.116139843       -0.057410048       -0.033150372       -0.362240245
     "WALKING_UPSTAIRS"              0.260819873        -0.032410941        -0.110064863       -0.313123438        0.011628081       -0.369754604
"4"  "LAYING"                        0.263559215        -0.015003184        -0.110688150       -0.954193739       -0.941714042       -0.962667315
     "SITTING"                       0.271538280        -0.007163065        -0.105874596       -0.980309931       -0.890223981       -0.932203007
     "STANDING"                      0.280499746        -0.009489111        -0.096157491       -0.976920580       -0.861597379       -0.896880538
     "WALKING"                       0.278582015        -0.014839948        -0.111403065       -0.440829971       -0.078826737       -0.586252807
     "WALKING_DOWNSTAIRS"            0.279965330        -0.009802009        -0.106777525        0.011193550       -0.218598325       -0.479185977
     "WALKING_UPSTAIRS"              0.270876697        -0.031980430        -0.114219456       -0.204933043       -0.066689911       -0.372137778
"5"  "LAYING"                        0.278334326        -0.018304212        -0.107937604       -0.965934510       -0.969295613       -0.968562516
     "SITTING"                       0.273694140        -0.009900835        -0.108540300       -0.980945022       -0.904335121       -0.926094740
     "STANDING"                      0.282544391        -0.007004186        -0.102171096       -0.968591816       -0.869439913       -0.869327322
     "WALKING"                       0.277842346        -0.017285032        -0.107741776       -0.294098534        0.076748403       -0.457021436
     "WALKING_DOWNSTAIRS"            0.293543927        -0.008501075        -0.100319931        0.275046110        0.090763076       -0.325891435
     "WALKING_UPSTAIRS"              0.268459470        -0.032526976        -0.107471454       -0.045723778        0.185022459       -0.308938979
"6"  "LAYING"                        0.248656520        -0.010252917        -0.133119570       -0.934049422       -0.924644826       -0.925216100
     "SITTING"                       0.276778487        -0.014591162        -0.110127729       -0.980164934       -0.923682131       -0.925797097
     "STANDING"                      0.280346249        -0.018123633        -0.112172832       -0.981758160       -0.921493192       -0.925692372
     "WALKING"                       0.283658868        -0.016895419        -0.110303166       -0.296538717        0.164213885       -0.504324207
     "WALKING_DOWNSTAIRS"            0.277045258        -0.019536840        -0.107209356        0.383681640        0.360164959       -0.320204233
     "WALKING_UPSTAIRS"              0.268229355        -0.027242539        -0.122082439       -0.050135019        0.189276117       -0.353519515
"7"  "LAYING"                        0.250176694        -0.020441152        -0.101361037       -0.936513610       -0.926262669       -0.952978366
     "SITTING"                       0.284674637        -0.014610976        -0.122464598       -0.972668375       -0.909454699       -0.856532941
     "STANDING"                      0.282723539        -0.014574034        -0.099777830       -0.979307570       -0.923400922       -0.917064168
     "WALKING"                       0.275592962        -0.018653665        -0.110912235       -0.327243241       -0.077261856        0.159631283
     "WALKING_DOWNSTAIRS"            0.280307080        -0.016633237        -0.096938309        0.066081560       -0.138179073       -0.063640245
     "WALKING_UPSTAIRS"              0.248706923        -0.027563901        -0.143769689       -0.294872974       -0.326160023       -0.145665026
"8"  "LAYING"                        0.261254283        -0.021228173        -0.102245366       -0.943041215       -0.934891160       -0.932491454
     "SITTING"                       0.267491473        -0.006725506        -0.104461049       -0.979026152       -0.927331997       -0.939553030
     "STANDING"                      0.279620986        -0.014811307        -0.106114997       -0.988815418       -0.938479429       -0.926065255
     "WALKING"                       0.274686310        -0.018662887        -0.107252091       -0.173605736        0.380782053       -0.142088532
     "WALKING_DOWNSTAIRS"            0.283484089        -0.021105867        -0.107598135        0.024139347        0.343826273        0.133717039
     "WALKING_UPSTAIRS"              0.258880152        -0.028241514        -0.115122120       -0.171712175        0.348768733        0.121187279
"9"  "LAYING"                        0.259195537        -0.020526822        -0.107549721       -0.942333090       -0.916292776       -0.940707285
     "SITTING"                       0.248326744        -0.027016777        -0.075378469       -0.957227791       -0.875141405       -0.832001873
     "STANDING"                      0.282310057        -0.020045495        -0.095274748       -0.975741252       -0.938635759       -0.919295806
     "WALKING"                       0.278502842        -0.018089197        -0.110820512       -0.238353563       -0.201696961       -0.057963647
     "WALKING_DOWNSTAIRS"            0.295923445        -0.020399427        -0.091027879        0.213392271       -0.208310706       -0.007715300
     "WALKING_UPSTAIRS"              0.262436476        -0.019510110        -0.125219004       -0.361444378       -0.302206204       -0.253434084
"10" "LAYING"                        0.280230574        -0.024294484        -0.117168642       -0.968283685       -0.946454302       -0.959471486
     "SITTING"                       0.270612056        -0.015042682        -0.104253239       -0.982901826       -0.917979530       -0.967826982
     "STANDING"                      0.276650301        -0.015541860        -0.107964084       -0.978403482       -0.919561843       -0.941271440
     "WALKING"                       0.278574077        -0.017022351        -0.109057512       -0.178709734       -0.022743165       -0.395645072
     "WALKING_DOWNSTAIRS"            0.290401594        -0.020005077        -0.110848597        0.295733548        0.004079154       -0.183557562
     "WALKING_UPSTAIRS"              0.267121853        -0.014385492        -0.118180421       -0.161591924       -0.005552877       -0.073874493
"11" "LAYING"                        0.280592971        -0.017659805        -0.108786578       -0.984777330       -0.972196874       -0.971311177
     "SITTING"                       0.276590197        -0.014919562        -0.112840218       -0.982796562       -0.921402118       -0.968370182
     "STANDING"                      0.277715563        -0.017199089        -0.108686630       -0.994978879       -0.964173332       -0.986382713
     "WALKING"                       0.271821893        -0.016647583        -0.106096304       -0.422842072       -0.052212075       -0.530626311
     "WALKING_DOWNSTAIRS"            0.291605632        -0.017809772        -0.111070150        0.142456557        0.070812273       -0.324026938
     "WALKING_UPSTAIRS"              0.263775859        -0.030315782        -0.106797216       -0.238802959       -0.103167502       -0.203369399
"12" "LAYING"                        0.260113433        -0.017520392        -0.108160126       -0.955318680       -0.949072009       -0.948333844
     "SITTING"                       0.275007225        -0.015789299        -0.106307229       -0.982568782       -0.928581240       -0.939661889
     "STANDING"                      0.277405835        -0.016900254        -0.105527000       -0.981243992       -0.923140254       -0.920684800
     "WALKING"                       0.277128666        -0.015560928        -0.103161106       -0.128898533       -0.122783290       -0.410606063
     "WALKING_DOWNSTAIRS"            0.281521097        -0.018084267        -0.109555932        0.042408492        0.110835344       -0.425017413
     "WALKING_UPSTAIRS"              0.272970339        -0.026357490        -0.107339730       -0.290149192       -0.103818260       -0.436697426
"13" "LAYING"                        0.276716360        -0.020440454        -0.104331865       -0.968891989       -0.950947950       -0.950392995
     "SITTING"                       0.274328500        -0.005877329        -0.097246511       -0.989546275       -0.938967742       -0.938641216
     "STANDING"                      0.277758431        -0.016789199        -0.112124138       -0.991020759       -0.949422439       -0.967538032
     "WALKING"                       0.275883130        -0.018566065        -0.111431456       -0.346980394        0.141866689       -0.220503537
     "WALKING_DOWNSTAIRS"            0.294907553        -0.014372384        -0.101993942       -0.068156363       -0.032125247       -0.158333146
     "WALKING_UPSTAIRS"              0.258203940        -0.027739225        -0.125767266       -0.296284597        0.104470774       -0.217210568
"14" "LAYING"                        0.233275440        -0.011342465        -0.086833332       -0.917501887       -0.909697041       -0.900331922
     "SITTING"                       0.279990577        -0.008705655        -0.100401490       -0.976302248       -0.914935704       -0.922774836
     "STANDING"                      0.280545614        -0.015207813        -0.103817702       -0.973268905       -0.928525725       -0.922276312
     "WALKING"                       0.271959599        -0.021778538        -0.106756369       -0.402639098       -0.053612669        0.051884104
     "WALKING_DOWNSTAIRS"            0.293422116        -0.020014141        -0.092833017        0.017831340        0.378870492        0.451576075
     "WALKING_UPSTAIRS"              0.262421066        -0.020438818        -0.112279689       -0.309396718        0.307195533        0.609017879
"15" "LAYING"                        0.289475653        -0.016629654        -0.118530240       -0.972255552       -0.962759422       -0.929586835
     "SITTING"                       0.272903380        -0.011718847        -0.113661253       -0.987084356       -0.922407163       -0.949338025
     "STANDING"                      0.278915804        -0.018351636        -0.105910833       -0.988949247       -0.931900148       -0.951670258
     "WALKING"                       0.273899208        -0.017080974        -0.107621820       -0.327961801        0.138912924       -0.518932635
     "WALKING_DOWNSTAIRS"            0.280198851        -0.005630478        -0.110526066        0.406471051        0.186532377       -0.281982182
     "WALKING_UPSTAIRS"              0.270187596        -0.028752386        -0.116952465       -0.026097184       -0.004065360       -0.379717488
"16" "LAYING"                        0.274227163        -0.016610351        -0.107310493       -0.973691429       -0.943061150       -0.965490276
     "SITTING"                       0.280768574        -0.010249794        -0.089140404       -0.986825605       -0.951607872       -0.939672247
     "STANDING"                      0.283497403        -0.016599967        -0.103657729       -0.989076812       -0.960298268       -0.953468962
     "WALKING"                       0.276023565        -0.020428693        -0.108804050       -0.404692524       -0.314569762       -0.159799790
     "WALKING_DOWNSTAIRS"            0.295586802        -0.018389858        -0.119873705        0.207251998       -0.146993838        0.011435394
     "WALKING_UPSTAIRS"              0.255986103        -0.014365495        -0.124074518       -0.397083832       -0.163732745       -0.129283826
"17" "LAYING"                        0.269780086        -0.016846201        -0.107006280       -0.972960567       -0.944792875       -0.953476700
     "SITTING"                       0.277357020        -0.014156274        -0.113624085       -0.994443905       -0.961858630       -0.965729196
     "STANDING"                      0.277942503        -0.017412006        -0.111432146       -0.991163920       -0.968176664       -0.970462679
     "WALKING"                       0.272341855        -0.018487540        -0.109792122       -0.319500173       -0.017579789       -0.265824489
     "WALKING_DOWNSTAIRS"            0.293918283        -0.016735940        -0.089243275        0.187719760       -0.060789204       -0.231064157
     "WALKING_UPSTAIRS"              0.252604769        -0.022864561        -0.121290442       -0.062952754       -0.013172101       -0.230220954
"18" "LAYING"                        0.274691577        -0.017393768        -0.107698928       -0.984527649       -0.986160921       -0.987658662
     "SITTING"                       0.277270019        -0.012869128        -0.111904776       -0.994347989       -0.974928131       -0.977572717
     "STANDING"                      0.278458806        -0.016635352        -0.108453356       -0.992019763       -0.954223436       -0.961873909
     "WALKING"                       0.273887759        -0.017802363        -0.104218315       -0.376005521       -0.227005875       -0.428348061
     "WALKING_DOWNSTAIRS"            0.288439469        -0.016866692        -0.103390809       -0.302634565       -0.254214046       -0.418610127
     "WALKING_UPSTAIRS"              0.265401202        -0.022206068        -0.112655891       -0.380168287       -0.211155120       -0.314373391
"19" "LAYING"                        0.272653733        -0.017142686        -0.108981462       -0.965019580       -0.973449969       -0.984672837
     "SITTING"                       0.273830316        -0.016739260        -0.108707654       -0.976357663       -0.950388944       -0.951929615
     "STANDING"                      0.278172260        -0.015424406        -0.109041905       -0.989910997       -0.944430271       -0.952599654
     "WALKING"                       0.273931172        -0.019177359        -0.122736673       -0.048904941        0.181801561       -0.139477942
     "WALKING_DOWNSTAIRS"            0.262688054        -0.014594228        -0.133695241        0.626917071        0.514816446        0.049322451
     "WALKING_UPSTAIRS"              0.242118809        -0.030398662        -0.151054608       -0.128742095        0.176349923       -0.190468550
"20" "LAYING"                        0.239507882        -0.014440628        -0.104274323       -0.962249115       -0.964098180       -0.972571998
     "SITTING"                       0.278045439        -0.014722931        -0.108369635       -0.983081859       -0.936122705       -0.929106397
     "STANDING"                      0.278076905        -0.018069505        -0.100402760       -0.967209961       -0.875410411       -0.913142482
     "WALKING"                       0.272589336        -0.021199992        -0.113539477       -0.208342792        0.489771809       -0.228734217
     "WALKING_DOWNSTAIRS"            0.296144421        -0.009641208        -0.104602926        0.074509879        0.616937015       -0.160938536
     "WALKING_UPSTAIRS"              0.252098317        -0.028225805        -0.121023948       -0.116088676        0.152196328       -0.229249455
"21" "LAYING"                        0.271325472        -0.018423305        -0.103253832       -0.955019866       -0.956959422       -0.945653788
     "SITTING"                       0.277539617        -0.014400971        -0.112057888       -0.991777287       -0.966877561       -0.959567862
     "STANDING"                      0.276952243        -0.016708473        -0.110417856       -0.981419961       -0.943601625       -0.946123407
     "WALKING"                       0.279183527        -0.018161032        -0.104319332       -0.297814844        0.054088051       -0.168688726
     "WALKING_DOWNSTAIRS"            0.301461020        -0.017319539        -0.098168662        0.224343492        0.301336400       -0.071789356
     "WALKING_UPSTAIRS"              0.265194545        -0.023721870        -0.125414265       -0.240808282        0.109787469       -0.219707929
"22" "LAYING"                        0.279959721        -0.014262986        -0.110800925       -0.947735252       -0.913276302       -0.942945808
     "SITTING"                       0.273583823        -0.012346845        -0.105827370       -0.978466824       -0.928059134       -0.917564854
     "STANDING"                      0.279053862        -0.015856321        -0.104967424       -0.985000527       -0.922693288       -0.942201655
     "WALKING"                       0.278864590        -0.016721361        -0.107112511       -0.008659219        0.100384246       -0.213351969
     "WALKING_DOWNSTAIRS"            0.284458964        -0.019799937        -0.107415780        0.348618168        0.239812251       -0.325722718
     "WALKING_UPSTAIRS"              0.248391535        -0.026862256        -0.117550862        0.083573864        0.250067524       -0.109613216
"23" "LAYING"                        0.274038008        -0.021655384        -0.104256776       -0.956756363       -0.976309827       -0.973223495
     "SITTING"                       0.273351252        -0.013394502        -0.103808679       -0.987607637       -0.934933559       -0.905584390
     "STANDING"                      0.277899323        -0.017747555        -0.110597018       -0.985421520       -0.958444492       -0.929409745
     "WALKING"                       0.273211884        -0.018361871        -0.113382994       -0.313521773       -0.119020587        0.164220685
     "WALKING_DOWNSTAIRS"            0.289897411        -0.016211146        -0.098812371        0.044139284        0.108259034        0.229898743
     "WALKING_UPSTAIRS"              0.249995171        -0.032384403        -0.126890617       -0.243887819        0.044843579        0.100801189
"24" "LAYING"                        0.272850495        -0.017355521        -0.107236237       -0.967984021       -0.983126462       -0.973566959
     "SITTING"                       0.273475690        -0.013125510        -0.103041061       -0.990593767       -0.956255962       -0.957056111
     "STANDING"                      0.280348884        -0.014478534        -0.108222554       -0.987255871       -0.936871974       -0.930283530
     "WALKING"                       0.276980816        -0.022544640        -0.110595953       -0.470762366       -0.154127498       -0.288840016
     "WALKING_DOWNSTAIRS"            0.288631209        -0.014573035        -0.104818820       -0.082732481       -0.102607327       -0.205566381
     "WALKING_UPSTAIRS"              0.269881107        -0.025197943        -0.114248611       -0.344399351       -0.116804489       -0.255601013
"25" "LAYING"                        0.250791829        -0.018894366        -0.100428830       -0.909116474       -0.691770681       -0.717262004
     "SITTING"                       0.278541482        -0.014769681        -0.109160440       -0.991892829       -0.947457617       -0.965139552
     "STANDING"                      0.278013702        -0.016356973        -0.107352958       -0.991970127       -0.954569226       -0.964642688
     "WALKING"                       0.278992759        -0.018647762        -0.108737636       -0.596007444       -0.161852412       -0.437133403
     "WALKING_DOWNSTAIRS"            0.291329666        -0.021017052        -0.107192377       -0.253756934       -0.140540604       -0.457972382
     "WALKING_UPSTAIRS"              0.277995411        -0.026986352        -0.126210440       -0.459775646       -0.223086809       -0.296523975
"26" "LAYING"                        0.271645865        -0.019189573        -0.105002540       -0.969445445       -0.983231352       -0.984500013
     "SITTING"                       0.258243530        -0.007133645        -0.097444869       -0.979768988       -0.940798966       -0.950004414
     "STANDING"                      0.281127035        -0.016660831        -0.110237796       -0.993069369       -0.949466155       -0.962988401
     "WALKING"                       0.279264444        -0.015425959        -0.108927011       -0.340185528       -0.136351392       -0.333486503
     "WALKING_DOWNSTAIRS"            0.279284583        -0.012625810        -0.106439619        0.173953850       -0.011629910       -0.284807676
     "WALKING_UPSTAIRS"              0.272691395        -0.028163380        -0.121943461       -0.169006952       -0.049172630       -0.404596937
"27" "LAYING"                        0.274102492        -0.017986761        -0.107699733       -0.978455153       -0.983736044       -0.986636996
     "SITTING"                       0.273941303        -0.015526980        -0.105521913       -0.988580108       -0.971579126       -0.965858735
     "STANDING"                      0.279566922        -0.016593236        -0.107835818       -0.991951584       -0.955171419       -0.962408445
     "WALKING"                       0.276849485        -0.016647878        -0.112822289       -0.348475561       -0.187301215       -0.297318274
     "WALKING_DOWNSTAIRS"            0.297544188        -0.013556447        -0.112837695        0.167407531       -0.097971003       -0.240040783
     "WALKING_UPSTAIRS"              0.265770254        -0.020095332        -0.123530438       -0.295439547       -0.095010408       -0.230707877
"28" "LAYING"                        0.275913483        -0.016753786        -0.108344853       -0.968888295       -0.945386780       -0.956450343
     "SITTING"                       0.276977629        -0.018540444        -0.111517940       -0.983272807       -0.939905245       -0.936667246
     "STANDING"                      0.277795069        -0.017263512        -0.106579385       -0.977748639       -0.875689217       -0.905123824
     "WALKING"                       0.281228224        -0.015675972        -0.103714705       -0.293003522       -0.117886186       -0.300928396
     "WALKING_DOWNSTAIRS"            0.293642077        -0.022023047        -0.108588974        0.125712888        0.156496647       -0.341031812
     "WALKING_UPSTAIRS"              0.262005842        -0.027944394        -0.121514026       -0.242062430       -0.146753877       -0.285986914
"29" "LAYING"                        0.287295197        -0.017196548        -0.109462068       -0.984219556       -0.990240947       -0.987255150
     "SITTING"                       0.277179978        -0.016630680        -0.110411819       -0.990745020       -0.963222498       -0.968063878
     "STANDING"                      0.277965066        -0.017260587        -0.108659067       -0.996068635       -0.969295721       -0.980207489
     "WALKING"                       0.271999917        -0.016291560        -0.106632427       -0.174337940       -0.091754061       -0.242828038
     "WALKING_DOWNSTAIRS"            0.293140441        -0.014941215        -0.098133998        0.167383602       -0.122463467       -0.223178000
     "WALKING_UPSTAIRS"              0.265423067        -0.029946531        -0.118000588       -0.086771557       -0.122128288        0.099544350
"30" "LAYING"                        0.281033901        -0.019449410        -0.103658151       -0.976362515       -0.954201824       -0.967044236
     "SITTING"                       0.268336081        -0.008047313        -0.099515446       -0.983622744       -0.937857001       -0.950654041
     "STANDING"                      0.277112699        -0.017016389        -0.108756210       -0.977559427       -0.891654527       -0.912850597
     "WALKING"                       0.276406758        -0.017588039        -0.098624707       -0.346394275       -0.173550022       -0.120476784
     "WALKING_DOWNSTAIRS"            0.283190647        -0.017438390        -0.099978142       -0.057770316       -0.027262808       -0.217275690
     "WALKING_UPSTAIRS"              0.271415642        -0.025331170        -0.124697494       -0.350504475       -0.127311158        0.024946803
